Query: 0
Nearest neighbor-1: 9444
distanceHC: 1034.78
distanceTrue: 1034.78
Nearest neighbor-2: 9724
distanceHC: 1047.63
distanceTrue: 1047.63
Nearest neighbor-3: 4130
distanceHC: 1097.3
distanceTrue: 1095.86
Nearest neighbor-4: 3324
distanceHC: 1165.95
distanceTrue: 1097.3
Nearest neighbor-5: 8931
distanceHC: 1194.68
distanceTrue: 1121.85
tCube: 74489
tTrue: 146626
R-near neighbors: 
9444
9724
4130
3324
8931
522
6435
6485
7092
3448
9214
4217
1770
1687
1747
9606
962
8069
243
4255
4661
6597
1825
9882
4977
1919
5441
5465
2348
3236
7017
1619
1332
1054
928
2161
1833
9001
8616
4591
6510
2653
9351
5897
8991
1803
8232
636
2666
4394
223
624
7362
6054
6550
4647
3428
4806
3505
6740
2995
4991
6696
3116
5089
1891
7943
8143
5651
5953
9274
2752
1417
9082
9522
4189
1636
9843
1022
5663
371
2055
6752
3151
8959
5352
6134
5025
4575
505
1156
4774
422
7731
9429
5057
9157
7423
2142
4338
6623
9498
9467
4452
337
5326
1381
4254
880
8966
2540
7509
5565
2579
4141
4353
3206
8699
7513
4358
5569
6147
3728
9220
9267
8803
2848
2929
1300
7470
9454
6842
5959
730
5575
1811
4559
133
6821
5769
2115
1500
3804
9445
8436
5446
230
9747
6986
52
1944
6947
5786
4548
3210
1392
1161
9273
4393
183
5181
280
5538
7407
441
2140
5264
8044
7301
8302
2691
7686
6824
3805
6087
5579
167
1169
101
3887
7525
8798
1555
4273
898
2370
6479
1072
3515
7899
4161
8286
2512
3209
9827
2024
7940
9504
3349
5741
8953
4045
7931
5122
7387
7388
4396
3020
8735
1250
9999
9283
5391
1953
8576
5142
5209
2797
9751
7754
7568
8165
1975
2643
3847
4285
3867
4822
1832
5818
8271
9893
1693
8971
2391
42
8141
883
3150
7171
2098
9940
6911
4690
2238
4523
9817
3447
5797
6835
3277
9784
4326
45
724
888
2267
9343
4385
5269
1082
1343
4659
839
1138
9294
2701
8805
8802
8845
9061
7269
6278
9407
6713
9327
9235
3183
700
4925
2867
6224
57
7071
680
5059
5855
1412
3780
4571
6751
5219
3527
1937
5893
4091
267
2984
562
4984
9885
4242
411
413
9889
8604
5555
3991
6715
9933
2576
5992
3083
7174
8747
8252
5523
8801
9002
822
3462
6542
5533
1499
6202
7547
8170
4095
8364
5407
904
9261
3935
4499
8581
4671
741
436
6686
3942
115
2198
4555
7377
7384
4728
2485
5607
5540
5201
6046
6956
5291
3927
9551
7588
1147
3162
4395
1355
8015
3538
7742
2331
7383
9924
9856
8558
5727
1168
9510
6334
5033
8758
5645
324
9787
6589
4303
87
4503
1037
1763
3951
3909
3368
Query: 1
Nearest neighbor-1: 2184
distanceHC: 1664.16
distanceTrue: 1554.42
Nearest neighbor-2: 5816
distanceHC: 1698.03
distanceTrue: 1664.16
Nearest neighbor-3: 5908
distanceHC: 1741.09
distanceTrue: 1698.03
Nearest neighbor-4: 1874
distanceHC: 1741.45
distanceTrue: 1719.08
Nearest neighbor-5: 2738
distanceHC: 1835.82
distanceTrue: 1741.09
tCube: 77857
tTrue: 152693
R-near neighbors: 
2184
5816
5908
1874
2738
3200
1058
7619
2410
Query: 2
Nearest neighbor-1: 1697
distanceHC: 547.098
distanceTrue: 497.042
Nearest neighbor-2: 7469
distanceHC: 569.867
distanceTrue: 547.098
Nearest neighbor-3: 7609
distanceHC: 572.729
distanceTrue: 569.867
Nearest neighbor-4: 5732
distanceHC: 582.955
distanceTrue: 572.729
Nearest neighbor-5: 2301
distanceHC: 605.664
distanceTrue: 582.955
tCube: 72019
tTrue: 140283
R-near neighbors: 
1697
7469
7609
5732
2301
1658
3771
4554
3966
276
3763
3602
604
1807
2086
7176
2791
3878
6989
6122
4993
4979
290
9803
9106
3755
3295
2177
8418
2572
648
1787
8402
6745
4585
2988
2692
538
4286
9796
8806
3468
6775
1458
4566
7910
7149
9907
4557
9312
1118
6785
9987
5176
4657
2937
2623
6565
4708
2151
1044
7973
9292
9404
3132
9121
8987
3345
9895
4186
3431
9540
1012
5779
5004
5023
5789
6880
9277
8992
7429
1132
6192
4998
2159
2894
9110
2906
9175
1081
6537
1681
7185
4484
9735
6082
6208
2356
7027
4913
6998
3488
7022
2932
7315
2725
1200
6530
2645
7007
3675
6568
7668
9350
9103
4003
3592
9903
4070
7553
8162
7603
8989
6232
3725
3149
8456
2227
99
8588
7393
6277
1936
7324
67
1463
9136
8919
3546
6613
2878
7941
5530
4152
8095
3551
7764
1321
3418
3587
6683
4920
208
310
2047
1080
7938
5507
366
2448
1445
5500
6411
3955
6247
2123
450
9181
1095
231
2667
4089
7040
211
8032
6408
7237
2154
3604
2110
3440
455
7435
1242
105
3889
7205
9755
416
3068
9924
4933
2844
6366
6108
3532
6062
7253
5691
5667
112
9616
6488
8161
7563
2108
1230
6499
6748
2663
6864
2695
6985
4162
7404
884
4971
4140
4064
454
3662
345
3885
1060
4202
5552
2134
4634
3996
6851
5903
1084
5655
9354
6328
7656
6318
8529
5390
809
1521
8063
2166
7138
1640
9618
7806
2889
6654
5708
9221
572
4476
1197
3427
78
5484
9480
1085
864
3408
3230
7838
8836
5610
5479
6665
941
2980
5090
5051
4013
6682
5933
4569
4750
9393
1832
9774
8373
7221
7057
5073
871
7275
9299
177
2393
9017
8053
9884
7476
484
5882
9975
1031
357
5624
4884
3473
5237
5760
2717
4638
2807
8428
5395
4900
6244
7105
678
2907
4405
2583
3811
4193
8705
2872
8781
3321
2336
7384
443
5862
993
9906
1238
5834
5235
397
5375
8530
8689
6858
644
573
1654
102
8203
351
472
8012
2335
2831
9264
2920
6142
7650
2008
2495
3113
1822
14
7454
9423
4182
5675
6678
3605
9227
5716
4470
4903
3962
5245
6531
7345
3850
765
8506
4006
2580
9579
5826
7329
3355
1131
9069
6554
634
9705
9973
3840
2012
8131
1284
3549
9816
3344
4492
7551
1027
7658
7834
9331
7748
418
9856
4764
1088
398
7365
5930
3729
9130
7971
2444
1002
1051
6904
7459
6698
9399
2366
9260
1572
7175
1394
5414
3379
7788
3983
8160
5876
4924
8379
4504
8984
8348
3150
1106
7857
7770
552
8834
9241
7039
2876
6165
5262
9674
7320
1704
9584
2307
3621
7350
6789
4944
4294
2802
1527
9432
8382
5543
3004
919
3897
9526
6586
5749
5234
3407
113
7303
205
1491
7240
4311
3103
2208
4319
7746
412
4258
7279
5107
1989
6254
9981
5232
5814
6926
779
5955
3464
1915
8
1148
8633
3626
4378
1211
6771
691
5527
4696
1354
8811
23
4950
6043
618
3193
4144
4815
4976
7837
1528
3372
4790
7201
3234
3561
4237
5355
6135
574
2044
2306
9188
9938
1547
3535
153
1614
8422
8704
5785
256
7277
7313
1786
8922
8615
2260
3306
5784
140
783
1023
8550
1852
8600
982
7399
7047
9775
3364
4333
1022
671
3865
8194
978
7579
2811
358
4602
5880
5294
7898
3800
19
5859
4872
7347
7599
42
2720
22
3540
7239
2497
7381
1166
4029
2902
7241
2039
8798
6311
7359
2564
1182
3570
2830
4932
1557
3122
3448
6736
9651
2094
5764
3411
2362
8183
7410
4768
43
6160
3802
694
7349
5338
7876
9758
9143
637
9919
4752
5224
7831
8464
7335
7249
5148
9866
2776
9643
6715
7049
3455
6206
1597
8708
2426
8393
7870
3210
1123
5976
3456
3310
5396
9316
936
7832
1850
1486
7216
8254
7189
4012
5124
1838
9367
3511
5752
3221
9562
4818
1115
1497
1120
388
7377
8218
4413
1192
9653
2048
4160
7532
2989
5848
1992
3428
4552
9243
9954
9320
1434
8965
6052
9842
5450
2860
4813
6083
2348
7074
6813
3267
3048
4746
7836
2838
65
1548
8198
8196
3331
7133
5149
5644
7756
1111
8884
5445
2316
6196
1728
1421
7387
8679
1785
6075
7073
2252
5676
9330
6780
2461
2505
9748
9607
7342
9609
4143
5061
7428
5602
6014
5112
1476
2076
1990
939
3696
1464
7692
8092
4225
3285
8839
9261
7291
4821
5818
3758
2766
5158
7233
7225
7530
7078
2884
7642
8556
9213
4716
7972
8040
5054
5094
7936
4732
7620
8400
4604
9878
7639
523
1813
7615
1667
9029
2654
7808
7524
7961
6404
611
4774
9030
9378
7255
3358
6837
1070
1025
5912
6983
6849
1433
3494
363
4632
7208
2343
587
6795
8846
4049
9002
6060
1763
938
382
7659
4185
7099
6459
1770
726
29
6731
2786
6962
6679
2551
2050
1696
6360
3600
2666
9504
18
2424
300
8109
7488
5429
5983
3644
6792
7470
9276
4486
4280
5761
240
4090
6003
8767
7312
9940
1594
7383
1492
9255
313
7000
3871
4806
9259
8052
3275
5778
744
7289
3910
3523
7460
2731
1860
6827
9817
1576
8450
132
9323
915
3052
9374
4775
8242
7389
7269
878
3271
3208
8816
5840
4345
7994
1890
2997
3517
7699
4763
5805
3243
1866
8879
955
200
3447
3982
959
7182
3189
3463
3914
7850
2438
50
4619
641
6
856
3089
35
4206
9516
6825
4163
8027
1063
9295
5256
6124
8062
558
1750
9928
6693
8137
9696
1668
8955
7370
7992
7848
3399
7284
6853
714
9947
3327
971
8757
7877
5078
933
9211
1113
3191
6540
1228
6443
6661
1455
7309
7619
9119
2415
5242
3453
2363
7339
4522
8202
6374
7968
1457
5518
9134
6534
7270
4902
4980
6398
5970
7927
3104
8120
4961
4467
3827
5296
9722
8124
7554
6841
7307
7357
8692
796
3649
6310
1009
4734
5304
5838
4478
3121
2492
5770
268
3185
2609
9122
9417
3692
3458
1506
5595
5745
2549
6130
7053
1426
4348
6002
423
2595
4946
5847
3046
9132
6361
4450
7729
33
9226
70
2049
2950
3420
8835
1330
9792
8225
6976
8779
4192
8334
3994
9146
4575
2006
601
4706
4366
5022
595
1058
3088
Query: 3
Nearest neighbor-1: 1877
distanceHC: 1297.79
distanceTrue: 1297.79
Nearest neighbor-2: 4356
distanceHC: 1325.31
distanceTrue: 1304.55
Nearest neighbor-3: 3024
distanceHC: 1465.03
distanceTrue: 1325.31
Nearest neighbor-4: 3667
distanceHC: 1467.85
distanceTrue: 1335.96
Nearest neighbor-5: 6341
distanceHC: 1497.26
distanceTrue: 1394.31
tCube: 77648
tTrue: 153315
R-near neighbors: 
1877
4356
3024
3667
6341
8982
3262
8369
4565
8000
1897
3610
9806
7882
1969
612
6611
7944
8809
4981
8368
326
656
1502
2624
4556
192
8527
6630
7981
3516
5938
5317
1018
7004
5340
6663
4008
9038
4931
3160
2890
1907
8335
9455
8897
5801
2582
4044
3286
5711
6326
5275
2826
8739
4718
7874
37
7515
7664
69
4608
666
3849
1605
3937
9707
4911
395
7127
296
6970
9742
7901
4374
2112
4343
5615
2082
4665
1981
6337
8272
1
6422
Query: 4
Nearest neighbor-1: 1732
distanceHC: 1322.51
distanceTrue: 1322.51
Nearest neighbor-2: 914
distanceHC: 1335.51
distanceTrue: 1335.51
Nearest neighbor-3: 5822
distanceHC: 1365.74
distanceTrue: 1346.48
Nearest neighbor-4: 5406
distanceHC: 1382.04
distanceTrue: 1365.74
Nearest neighbor-5: 4838
distanceHC: 1394.33
distanceTrue: 1382.04
tCube: 75313
tTrue: 148009
R-near neighbors: 
1732
914
5822
5406
4838
2452
8570
8424
9704
5046
322
6092
9148
2052
8240
1653
1630
5918
4318
4593
8768
4406
988
4026
608
940
8380
4056
9071
3588
7280
1764
616
8608
8906
9718
1308
4336
6258
314
1408
1560
8874
4779
4102
1692
92
3608
461
380
3284
3240
4890
4616
7560
1922
1827
2829
9337
3625
2060
3194
4596
2176
1608
5362
3439
8358
8006
9980
9549
1632
434
6532
6794
4613
1360
5278
9321
6552
4494
9597
9603
8634
3686
4206
7605
2753
9669
6268
3312
8842
3426
5673
1693
3566
5658
4350
1248
7100
1216
1232
1508
2596
9598
1794
3164
5492
9375
1050
1613
9665
682
9566
4794
9667
6166
3790
6462
7914
1946
4747
4454
3232
8412
3781
2704
2962
4334
8644
1446
7474
188
1568
1576
3796
9701
5130
7439
1976
4264
4252
5298
8026
7538
6608
8346
8126
4522
1932
2
1633
9229
4811
8084
275
9176
6210
3652
1622
1757
3639
9931
1006
1498
9681
4782
446
3278
7416
7730
6566
4244
4916
Query: 5
Nearest neighbor-1: 9815
distanceHC: 420.812
distanceTrue: 373.042
Nearest neighbor-2: 2870
distanceHC: 487.26
distanceTrue: 420.812
Nearest neighbor-3: 1680
distanceHC: 541.841
distanceTrue: 429.628
Nearest neighbor-4: 1496
distanceHC: 570.587
distanceTrue: 487.26
Nearest neighbor-5: 7912
distanceHC: 600.022
distanceTrue: 505.84
tCube: 72887
tTrue: 142071
R-near neighbors: 
9815
2870
1680
1496
7912
7910
2122
7973
8070
2083
2177
4979
1697
2937
7716
6380
4557
6262
1681
8916
1658
1977
7495
3878
1734
5114
3963
466
3771
290
6565
2645
6208
9895
9735
6537
9987
3145
3755
6232
1627
6880
4286
7996
2151
7491
4657
4120
6617
1607
3237
9011
3703
7185
276
6070
4487
1012
6356
7536
2957
1699
7022
5494
6900
5789
7472
6951
9803
538
8970
1065
7007
6229
676
7993
7131
1717
6931
5483
8738
6419
1647
3431
4412
7317
6977
9875
5239
3373
208
9315
2889
8602
251
5176
269
8402
9121
2994
4553
211
4524
3440
8937
8903
9175
5006
5635
4953
5667
315
9298
6303
2103
5123
8430
5713
9540
9903
2136
8330
9415
3375
8529
1174
9277
5564
698
9045
4089
3971
6371
4390
9039
2198
9332
4186
309
2719
4639
8760
3831
152
8512
2667
6575
9755
9299
9292
6783
2197
2166
6709
1132
9136
4300
1665
838
6384
6511
8652
8919
2906
9110
3898
7393
8985
231
6647
4152
8513
9960
1945
7429
124
9133
3418
9837
8063
6925
9288
3430
3478
5957
6183
1483
4291
3587
1181
6985
8053
5530
408
2110
2663
6209
1197
7533
7603
3593
8625
6683
6793
40
492
270
9622
6568
5073
7237
4407
9350
1656
1936
450
5375
8373
5271
9013
77
5903
2462
4484
5075
809
3567
6822
7857
310
1910
7921
8176
2717
3628
4470
7119
5643
5834
3080
6110
3321
8781
8296
8112
9975
5714
9161
4137
3380
1079
2599
9678
833
6108
7040
6707
72
3350
5479
5994
5500
4162
6488
8080
5235
6682
8032
891
4149
1832
9570
3532
4884
2619
1579
8610
9734
8156
6021
2762
2335
8689
588
7330
8595
1017
9216
7089
3060
553
4766
1084
7060
6654
5731
5527
9590
3355
5708
4013
6640
941
8379
6816
6864
3996
4351
9453
644
3412
1909
1270
691
7221
835
3863
7363
5484
8083
5262
8615
4202
355
4476
8177
9365
5355
4634
4010
9241
8543
3394
3851
7459
8332
7084
3549
674
1051
5650
1331
7138
7732
678
1915
4810
9188
3212
2134
4387
6244
556
5664
1369
9235
4654
8423
8725
180
8562
560
5824
919
779
1700
2015
4064
7752
2767
2604
5168
1252
3956
9856
2977
2168
5882
5974
2876
8222
3728
3111
8486
9085
5955
9775
8704
5930
2225
53
9097
4237
23
6843
9104
3344
4105
2018
3897
3900
8428
7424
7414
1277
9264
822
1284
4435
8823
6717
8790
1988
7384
9705
7078
3901
8248
4960
1816
7788
3103
1822
4924
8798
6104
1088
9474
6699
4182
4319
728
2546
6946
9043
1052
6834
2318
3331
6929
6492
5520
4764
9942
8130
8470
1425
1450
2162
102
6186
9906
5826
6858
7365
5221
8633
2426
1654
3193
2802
7694
6224
8348
7498
7421
7658
1572
9782
5058
951
694
905
2286
3411
5012
4333
2442
3297
5477
7832
7922
8123
552
5372
4900
8604
4129
5445
1547
2714
1906
2708
7311
398
9526
2132
7320
8393
7217
3276
8254
3560
4258
8362
3318
4069
1545
1293
9130
3931
4420
300
2858
7748
7402
6845
3626
8834
7877
1441
2252
9164
900
6558
8491
9185
8866
1178
6718
3163
2811
2730
7528
5966
9143
5756
7015
42
5206
3644
5132
780
5232
7087
2594
5429
153
2616
5648
1597
4950
959
708
9498
6134
6483
7240
8934
4109
6064
7758
6416
1728
638
422
1240
6810
7574
6870
5706
8464
2834
3456
4815
3267
8600
1354
4578
7422
5189
4504
5301
7542
5666
9584
3206
1473
6862
5020
4872
518
1316
8772
9615
6498
3428
6831
8471
3166
8291
5850
8
4402
5414
2392
6809
7518
6080
1992
1434
6361
3464
3048
7245
9758
1557
6046
7319
6779
6459
3219
9525
1070
8451
9938
8839
4731
7746
8860
140
7155
738
3234
7279
5700
9910
6828
688
7047
5976
3252
8180
8955
5022
6743
5381
8879
2260
2564
8974
5761
6206
9219
3272
8185
9954
754
9314
6494
6490
9643
1022
7313
3227
8372
9653
1123
5408
7760
5644
6702
600
5336
8406
1348
6197
6679
8524
5970
3570
6404
3535
726
7599
8256
7972
1004
5870
4128
3189
938
8849
3438
4498
1138
7410
3563
7870
8422
3327
3310
922
2998
6795
3275
6026
7611
7567
137
2902
4012
8873
8778
3306
6116
9919
878
5150
7235
1852
5155
6727
3469
9002
8660
8880
3696
4143
3191
1643
5252
7530
7226
9132
9562
5081
8410
7994
7729
3425
96
1821
7860
2343
7312
2776
9442
7349
3114
1659
7289
168
6855
2415
6398
5936
1544
5778
1548
7636
8125
1612
7524
1452
29
1570
3211
7026
9748
6825
9542
1765
5296
7377
5805
3356
3825
7739
9504
7624
1009
6540
968
3977
8192
5050
5602
4534
104
5873
9186
8183
1937
1758
5061
2461
3363
2830
714
7251
1818
3448
7260
1234
8851
7699
33
3501
7336
1714
7126
6451
4408
4373
3489
6778
2824
9582
8092
9286
379
595
9120
7216
7395
2954
7225
8366
2551
2547
4821
7628
8181
2852
3065
5840
2823
2713
4063
8819
7532
7775
8759
8337
2142
8558
5526
720
583
6803
1773
9940
6839
6471
1770
7073
650
2363
388
9019
4447
417
6661
3952
2918
7048
8242
947
7660
5838
7270
7082
6544
9261
144
5896
8846
148
5200
4941
8786
6188
8014
1554
5640
7763
9599
7295
628
7460
61
3271
6270
2375
6713
2456
5094
7091
9020
9224
5821
9567
197
1100
8959
6606
7917
5216
7686
9141
268
8773
5960
7651
8884
9684
2976
8779
1457
7692
892
3991
9159
Query: 6
Nearest neighbor-1: 54
distanceHC: 1489.44
distanceTrue: 1489.44
Nearest neighbor-2: 2827
distanceHC: 1531.39
distanceTrue: 1531.39
Nearest neighbor-3: 8914
distanceHC: 1595.38
distanceTrue: 1590.43
Nearest neighbor-4: 7296
distanceHC: 1596.01
distanceTrue: 1595.38
Nearest neighbor-5: 272
distanceHC: 1603.12
distanceTrue: 1596.01
tCube: 75170
tTrue: 149003
R-near neighbors: 
54
2827
8914
7296
272
4782
4386
2902
5356
5734
8468
4633
8747
5002
1967
8438
2856
2874
172
8776
2140
5992
2006
8037
9938
3652
4498
5122
4454
576
3222
26
3867
3388
7388
5426
9102
6535
9454
7573
5835
2722
8066
6491
1903
6810
289
8400
338
3639
142
2254
354
9821
8514
8081
6479
115
6334
6454
9551
1736
5860
7403
6202
4806
1770
2416
6752
9941
3348
247
8380
9751
3448
7611
7578
8101
4460
4589
5863
8186
7627
1112
4366
3925
2704
7509
7852
3260
9356
1498
7442
8832
900
8198
6862
1746
8476
1216
5546
6782
2370
5936
2860
6835
6886
7505
8673
6481
5539
6599
1612
4045
Query: 7
Nearest neighbor-1: 3186
distanceHC: 1555.03
distanceTrue: 1555.03
Nearest neighbor-2: 5746
distanceHC: 1723.03
distanceTrue: 1568.54
Nearest neighbor-3: 3056
distanceHC: 1749.31
distanceTrue: 1582.49
Nearest neighbor-4: 2520
distanceHC: 1751.03
distanceTrue: 1670.61
Nearest neighbor-5: 7094
distanceHC: 1757.99
distanceTrue: 1683.98
tCube: 77258
tTrue: 147855
R-near neighbors: 
3186
5746
3056
2520
7094
9631
9673
7148
9066
9655
2398
744
932
9614
9642
8442
1878
3092
4206
9630
8025
5008
110
6734
3636
3828
8918
3252
4185
3038
1110
4522
5904
3649
6964
9950
9122
3182
7822
8902
9265
3450
1850
754
1852
1342
7186
2488
812
3020
5614
4936
2722
6166
3745
6769
1552
6717
6160
6460
9752
3030
7036
1733
7879
4630
3352
264
92
7464
3088
7922
5350
6310
3838
7756
6184
4811
6813
9211
778
428
1744
5122
4916
Query: 8
Nearest neighbor-1: 2885
distanceHC: 2051.44
distanceTrue: 2051.44
Nearest neighbor-2: 9531
distanceHC: 2078.35
distanceTrue: 2052.12
Nearest neighbor-3: 8126
distanceHC: 2099.93
distanceTrue: 2060.89
Nearest neighbor-4: 5106
distanceHC: 2153.85
distanceTrue: 2072.62
Nearest neighbor-5: 8661
distanceHC: 2161.31
distanceTrue: 2078.35
tCube: 76787
tTrue: 152428
R-near neighbors: 
Query: 9
Nearest neighbor-1: 3970
distanceHC: 1250.97
distanceTrue: 991.598
Nearest neighbor-2: 9469
distanceHC: 1301.68
distanceTrue: 1250.97
Nearest neighbor-3: 5645
distanceHC: 1368.33
distanceTrue: 1301.68
Nearest neighbor-4: 167
distanceHC: 1391.53
distanceTrue: 1308.33
Nearest neighbor-5: 8363
distanceHC: 1422.26
distanceTrue: 1368.33
tCube: 78781
tTrue: 152692
R-near neighbors: 
3970
9469
5645
167
8363
5411
2703
703
2929
5165
5559
5391
5219
7812
8167
2677
337
2953
1591
9481
2391
8375
5569
1555
5727
8837
8345
8827
5523
383
2793
2361
87
3303
6915
7713
8805
5446
7194
2521
57
5893
9447
6643
4085
5901
2351
3843
8409
3253
2443
7733
8107
4229
8267
2451
3371
4399
1061
3899
2433
2477
5558
183
4995
2238
9999
6051
4131
621
5797
6087
3343
4667
3217
2579
9969
419
7053
1499
1933
2485
8437
753
1173
2643
1525
5705
5181
5253
2613
4395
8555
9833
6019
1891
185
4117
7945
4965
3249
4122
5959
8775
5209
7251
4273
2385
1513
4345
9933
6191
1803
887
4141
9835
2983
8801
2653
8015
3817
9644
1381
3668
3099
8751
3173
1487
5589
5059
4671
1355
797
2797
1747
8699
8049
1507
6889
9955
5869
5269
1169
4452
4195
2848
5555
1451
987
3887
5723
1811
5339
8558
9831
1217
2995
5063
4353
1659
2003
4627
9843
995
6073
7955
5954
7959
9817
2465
839
5821
1291
911
4991
5441
8286
4024
8315
1417
1316
195
9889
819
7197
5878
1005
7028
9220
91
4307
4925
3151
3071
7731
1043
3311
8199
3061
9382
9882
3465
6127
7071
727
8741
8401
827
8821
2417
4949
1687
3805
8861
9425
2142
2447
3598
8875
9445
930
4317
1585
5089
7309
6263
5033
9883
2441
3117
5855
2711
9467
6058
3277
3481
4575
7811
3469
8803
389
7171
1333
655
1523
7045
1126
3909
8910
1275
9429
4338
3223
9041
5201
7961
2867
3059
3239
651
5325
5291
6015
7446
6961
5233
1082
8556
541
6881
7069
1332
4559
2903
9461
8717
9162
313
3915
937
3039
2247
1421
9893
5623
280
8943
89
3169
5765
6248
2467
3837
6779
7340
8847
5874
6621
